[gd_scene load_steps=69 format=3 uid="uid://bgljm6xvs8eyg"]

[ext_resource type="Script" path="res://scenes/character_body_3d.gd" id="1_1qtct"]
[ext_resource type="Shader" path="res://materials/shaders/color_quantization.gdshader" id="1_vitat"]
[ext_resource type="PackedScene" uid="uid://dajqnacmerhma" path="res://scenes/animated_progress_bar.tscn" id="3_8corx"]
[ext_resource type="Script" path="res://scenes/in_game_ui.gd" id="3_wcc6c"]
[ext_resource type="AudioStream" uid="uid://cy8e1rsf0y8ru" path="res://audio/sfx/final/slide.wav" id="4_orebl"]
[ext_resource type="PackedScene" uid="uid://bquo0lulcowmd" path="res://scenes/item_selector.tscn" id="4_rtl3g"]
[ext_resource type="FontFile" uid="uid://oy55l0k545u7" path="res://ui/Poppins/Poppins-Black.ttf" id="5_sn52w"]

[sub_resource type="PhysicalSkyMaterial" id="PhysicalSkyMaterial_i87o5"]
turbidity = 117.69
energy_multiplier = 0.12

[sub_resource type="Sky" id="Sky_iyode"]
sky_material = SubResource("PhysicalSkyMaterial_i87o5")

[sub_resource type="Environment" id="Environment_xswqy"]
background_mode = 2
sky = SubResource("Sky_iyode")
tonemap_mode = 3
tonemap_white = 6.0

[sub_resource type="Animation" id="Animation_jlsep"]
length = 0.001
tracks/0/type = "value"
tracks/0/imported = false
tracks/0/enabled = true
tracks/0/path = NodePath(".:rotation")
tracks/0/interp = 1
tracks/0/loop_wrap = true
tracks/0/keys = {
"times": PackedFloat32Array(0),
"transitions": PackedFloat32Array(1),
"update": 0,
"values": [Vector3(0.149848, 1.41786, 0.128664)]
}
tracks/1/type = "value"
tracks/1/imported = false
tracks/1/enabled = true
tracks/1/path = NodePath(".:spot_attenuation")
tracks/1/interp = 1
tracks/1/loop_wrap = true
tracks/1/keys = {
"times": PackedFloat32Array(0),
"transitions": PackedFloat32Array(1),
"update": 0,
"values": [0.0964377]
}
tracks/2/type = "value"
tracks/2/imported = false
tracks/2/enabled = true
tracks/2/path = NodePath(".:spot_angle_attenuation")
tracks/2/interp = 1
tracks/2/loop_wrap = true
tracks/2/keys = {
"times": PackedFloat32Array(0),
"transitions": PackedFloat32Array(1),
"update": 0,
"values": [0.0294849]
}
tracks/3/type = "value"
tracks/3/imported = false
tracks/3/enabled = true
tracks/3/path = NodePath(".:spot_angle")
tracks/3/interp = 1
tracks/3/loop_wrap = true
tracks/3/keys = {
"times": PackedFloat32Array(0),
"transitions": PackedFloat32Array(1),
"update": 0,
"values": [56.6221]
}

[sub_resource type="Animation" id="Animation_78fkm"]
resource_name = "cycle"
length = 20.0
loop_mode = 1
tracks/0/type = "value"
tracks/0/imported = false
tracks/0/enabled = true
tracks/0/path = NodePath(".:rotation")
tracks/0/interp = 1
tracks/0/loop_wrap = true
tracks/0/keys = {
"times": PackedFloat32Array(0, 2.9, 5.9, 10.1, 13, 20),
"transitions": PackedFloat32Array(1, 1, 1, 1, 1, 1),
"update": 0,
"values": [Vector3(0.149848, 1.41786, 0.128664), Vector3(0.463309, 0.798018, 0.432173), Vector3(0.566421, 1.36072, -0.676374), Vector3(-0.0733038, 1.83434, -0.431096), Vector3(0.382365, 0.744722, 0.0762291), Vector3(0.149848, 1.41786, 0.128664)]
}
tracks/1/type = "value"
tracks/1/imported = false
tracks/1/enabled = true
tracks/1/path = NodePath(".:spot_attenuation")
tracks/1/interp = 1
tracks/1/loop_wrap = true
tracks/1/keys = {
"times": PackedFloat32Array(0, 6.1, 8.7, 13.1, 13.7, 20),
"transitions": PackedFloat32Array(1, 1, 1, 1, 1, 1),
"update": 0,
"values": [0.0964377, 0.0964377, 0.199677, 0.159478, 0.0854347, 0.0964377]
}
tracks/2/type = "value"
tracks/2/imported = false
tracks/2/enabled = true
tracks/2/path = NodePath(".:spot_angle_attenuation")
tracks/2/interp = 1
tracks/2/loop_wrap = true
tracks/2/keys = {
"times": PackedFloat32Array(0, 4.8, 8.5, 13.4, 14, 20),
"transitions": PackedFloat32Array(1, 1, 1, 1, 1, 1),
"update": 0,
"values": [0.0294849, 0.0294849, 3.40138, 2.47632, 0.502849, 0.0294849]
}
tracks/3/type = "value"
tracks/3/imported = false
tracks/3/enabled = true
tracks/3/path = NodePath(".:spot_angle")
tracks/3/interp = 1
tracks/3/loop_wrap = true
tracks/3/keys = {
"times": PackedFloat32Array(0, 2.9, 3.2, 20),
"transitions": PackedFloat32Array(1, 1, 1, 1),
"update": 0,
"values": [56.6221, 56.6221, 24.09, 56.6221]
}

[sub_resource type="AnimationLibrary" id="AnimationLibrary_fkpjh"]
_data = {
"RESET": SubResource("Animation_jlsep"),
"cycle": SubResource("Animation_78fkm")
}

[sub_resource type="BoxMesh" id="BoxMesh_3p1gu"]
size = Vector3(4, 3, 6)

[sub_resource type="BoxMesh" id="BoxMesh_lu1mf"]
size = Vector3(4, 2, 6)

[sub_resource type="BoxMesh" id="BoxMesh_f03dv"]
size = Vector3(2, 1, 3)

[sub_resource type="BoxMesh" id="BoxMesh_wrk5b"]
size = Vector3(0.5, 14, 0.5)

[sub_resource type="StandardMaterial3D" id="StandardMaterial3D_mij0b"]
albedo_color = Color(1, 0, 0, 1)

[sub_resource type="BoxMesh" id="BoxMesh_cxcse"]
size = Vector3(10, 1, 8)

[sub_resource type="BoxMesh" id="BoxMesh_od08f"]
size = Vector3(12, 1, 10)

[sub_resource type="StandardMaterial3D" id="StandardMaterial3D_cubq2"]
albedo_color = Color(1, 0, 0, 1)

[sub_resource type="BoxMesh" id="BoxMesh_bwen2"]
size = Vector3(14, 2, 12)

[sub_resource type="BoxMesh" id="BoxMesh_mfiyi"]
size = Vector3(1, 20, 1)

[sub_resource type="BoxMesh" id="BoxMesh_oikxf"]
size = Vector3(10, 1, 12)

[sub_resource type="BoxMesh" id="BoxMesh_6mew4"]
size = Vector3(12, 2, 12)

[sub_resource type="BoxMesh" id="BoxMesh_nmueb"]
size = Vector3(14, 2, 12)

[sub_resource type="StandardMaterial3D" id="StandardMaterial3D_6kqet"]
albedo_color = Color(1, 0, 0.141176, 1)

[sub_resource type="StandardMaterial3D" id="StandardMaterial3D_u41g3"]
albedo_color = Color(0.232099, 0.232099, 0.232099, 1)

[sub_resource type="StandardMaterial3D" id="StandardMaterial3D_lirtv"]

[sub_resource type="Gradient" id="Gradient_ij70f"]
colors = PackedColorArray(1, 0, 0, 1, 0, 1, 1, 1)

[sub_resource type="FastNoiseLite" id="FastNoiseLite_4txg2"]

[sub_resource type="NoiseTexture2D" id="NoiseTexture2D_jr68f"]
color_ramp = SubResource("Gradient_ij70f")
noise = SubResource("FastNoiseLite_4txg2")

[sub_resource type="StandardMaterial3D" id="StandardMaterial3D_qrrj4"]
albedo_texture = SubResource("NoiseTexture2D_jr68f")

[sub_resource type="Animation" id="Animation_oayt0"]
length = 0.001
tracks/0/type = "value"
tracks/0/imported = false
tracks/0/enabled = true
tracks/0/path = NodePath(".:rotation")
tracks/0/interp = 1
tracks/0/loop_wrap = true
tracks/0/keys = {
"times": PackedFloat32Array(0),
"transitions": PackedFloat32Array(1),
"update": 0,
"values": [Vector3(-0.15708, 0, -0.0191986)]
}

[sub_resource type="Animation" id="Animation_e4x7q"]
resource_name = "spin"
length = 2.0
loop_mode = 1
tracks/0/type = "value"
tracks/0/imported = false
tracks/0/enabled = true
tracks/0/path = NodePath(".:rotation")
tracks/0/interp = 1
tracks/0/loop_wrap = true
tracks/0/keys = {
"times": PackedFloat32Array(0, 1, 2),
"transitions": PackedFloat32Array(1, 1, 1),
"update": 0,
"values": [Vector3(-0.15708, 0, -0.0191986), Vector3(-0.15708, 3.14159, -0.0191986), Vector3(-0.15708, 6.28319, -0.0191986)]
}

[sub_resource type="AnimationLibrary" id="AnimationLibrary_fno2e"]
_data = {
"RESET": SubResource("Animation_oayt0"),
"spin": SubResource("Animation_e4x7q")
}

[sub_resource type="Gradient" id="Gradient_o7h6k"]
colors = PackedColorArray(0.370621, 0.18077, 4.81308e-08, 1, 1, 1, 1, 1)

[sub_resource type="FastNoiseLite" id="FastNoiseLite_86e0g"]

[sub_resource type="NoiseTexture2D" id="NoiseTexture2D_v153d"]
color_ramp = SubResource("Gradient_o7h6k")
noise = SubResource("FastNoiseLite_86e0g")

[sub_resource type="StandardMaterial3D" id="StandardMaterial3D_teu3c"]
albedo_texture = SubResource("NoiseTexture2D_v153d")

[sub_resource type="CapsuleShape3D" id="CapsuleShape3D_n33ty"]

[sub_resource type="SphereMesh" id="SphereMesh_v2b01"]
flip_faces = true

[sub_resource type="ShaderMaterial" id="ShaderMaterial_v54cb"]
render_priority = 0
shader = ExtResource("1_vitat")
shader_parameter/pallate = [Color(0.619608, 0.176471, 0.32549, 1), Color(0.85098, 0.345098, 0.341176, 1), Color(0.517647, 0.380392, 0.380392, 1), Color(1, 1, 1, 1), Color(0, 0, 0, 1), Color(0.764706, 0.780392, 0.486275, 1), Color(0.443137, 0.447059, 0.376471, 1), Color(0.984314, 0.72549, 0.639216, 1), Color(0.478431, 0.352941, 0.313726, 1), Color(0.392827, 0.246453, 0.199236, 1), Color(0.552941, 0.815686, 0.94902, 1), Color(0.231373, 0.27451, 0.34902, 1)]

[sub_resource type="Animation" id="Animation_gjl78"]
resource_name = "Blue"
tracks/0/type = "value"
tracks/0/imported = false
tracks/0/enabled = true
tracks/0/path = NodePath(".:surface_material_override/0:shader_parameter/pallate")
tracks/0/interp = 1
tracks/0/loop_wrap = true
tracks/0/keys = {
"times": PackedFloat32Array(1),
"transitions": PackedFloat32Array(1),
"update": 0,
"values": [[Color(0.450511, 0.912197, 0.898143, 1), Color(0.0882904, 0.433694, 0.549875, 1), Color(0.105233, 0.311636, 0.577119, 1), Color(0.161375, 0.512115, 0.359118, 1), Color(0.10086, 0.137684, 0.120114, 1), Color(0.657689, 0.789025, 0.731601, 1), Color(0.0888047, 0.171175, 0.200521, 1), Color(0.238243, 0.412656, 0.339741, 1), Color(0.607995, 0.658899, 0.360329, 1), Color(0.299989, 0.16313, 0.468576, 1), Color(0.49694, 0.4523, 0.56792, 1), Color(0.128569, 0.201486, 0.276488, 1)]]
}

[sub_resource type="Animation" id="Animation_io8ig"]
length = 0.001
tracks/0/type = "value"
tracks/0/imported = false
tracks/0/enabled = true
tracks/0/path = NodePath(".:surface_material_override/0:shader_parameter/pallate")
tracks/0/interp = 1
tracks/0/loop_wrap = true
tracks/0/keys = {
"times": PackedFloat32Array(0),
"transitions": PackedFloat32Array(1),
"update": 0,
"values": [PackedColorArray(0.619608, 0.176471, 0.32549, 1, 0.85098, 0.345098, 0.341176, 1, 0.517647, 0.380392, 0.380392, 1, 1, 1, 1, 1, 0, 0, 0, 1, 0.764706, 0.780392, 0.486275, 1, 0.443137, 0.447059, 0.376471, 1, 0.984314, 0.72549, 0.639216, 1, 0.478431, 0.352941, 0.313726, 1, 0.392827, 0.246453, 0.199236, 1, 0.552941, 0.815686, 0.94902, 1, 0.231373, 0.27451, 0.34902, 1)]
}

[sub_resource type="Animation" id="Animation_5a0dv"]
resource_name = "Red"
loop_mode = 2
tracks/0/type = "value"
tracks/0/imported = false
tracks/0/enabled = true
tracks/0/path = NodePath(".:surface_material_override/0:shader_parameter/pallate")
tracks/0/interp = 1
tracks/0/loop_wrap = true
tracks/0/keys = {
"times": PackedFloat32Array(1),
"transitions": PackedFloat32Array(1),
"update": 0,
"values": [PackedColorArray(0.638108, 0.118927, 0.377134, 1, 0.85098, 0.345098, 0.341176, 1, 0.517647, 0.380392, 0.380392, 1, 1, 1, 1, 1, 0, 0, 0, 1, 0.954014, 0.682476, 0.567722, 1, 0.815232, 0, 0.290152, 1, 1, 0.705807, 0.717052, 1, 0.653544, 0.000112818, 0.573616, 1, 0.481837, 0.000146317, 0.47485, 1, 0.38062, 0.0455319, 0.207502, 1, 0.161542, 0.102499, 0.113184, 1)]
}

[sub_resource type="Animation" id="Animation_0mjhi"]
resource_name = "Warping"
length = 15.0
loop_mode = 2
tracks/0/type = "value"
tracks/0/imported = false
tracks/0/enabled = true
tracks/0/path = NodePath(".:surface_material_override/0:shader_parameter/pallate")
tracks/0/interp = 2
tracks/0/loop_wrap = true
tracks/0/keys = {
"times": PackedFloat32Array(0, 4.4, 10, 15),
"transitions": PackedFloat32Array(1, 1, 1, 1),
"update": 0,
"values": [PackedColorArray(0.619608, 0.176471, 0.32549, 1, 0.85098, 0.345098, 0.341176, 1, 0.517647, 0.380392, 0.380392, 1, 1, 1, 1, 1, 0, 0, 0, 1, 0.764706, 0.780392, 0.486275, 1, 0.443137, 0.447059, 0.376471, 1, 0.984314, 0.72549, 0.639216, 1, 0.478431, 0.352941, 0.313726, 1, 0.392827, 0.246453, 0.199236, 1, 0.552941, 0.815686, 0.94902, 1, 0.231373, 0.27451, 0.34902, 1), [Color(0.619608, 0.176471, 0.32549, 1), Color(0.556466, 0.445396, 0.532221, 1), Color(0.456494, 0.415465, 0.251837, 1), Color(1, 1, 1, 1), Color(0.237571, 0.103788, 0.0989303, 1), Color(0.743659, 0.505713, 0.449903, 1), Color(0.156812, 0.489251, 0.550896, 1), Color(0.761975, 0.671914, 0.5485, 1), Color(0.478431, 0.352941, 0.313726, 1), Color(0.264015, 0.285306, 0.230687, 1), Color(0.636415, 0.789469, 0.951855, 1), Color(0.285358, 0.334609, 0.41962, 1)], [Color(1, 1, 1, 1), Color(0.619608, 0.176471, 0.32549, 1), Color(0.67152, 0.483128, 0.412928, 1), Color(0.539935, 0.235882, 0.224842, 1), Color(0.478431, 0.352941, 0.313726, 1), Color(0.478998, 0.603727, 0.433044, 1), Color(0.100073, 0.334754, 0.270716, 1), Color(0.443137, 0.447059, 0.376471, 1), Color(0.621974, 0.58465, 0.823272, 1), Color(0.742653, 0.756101, 0.955464, 1), Color(0.354067, 0.411098, 0.509475, 1), Color(0.248115, 0.439268, 0.598045, 1)], [Color(1, 1, 1, 1), Color(0.357429, 0.354463, 0.460016, 1), Color(0.325586, 0.214007, 0.172306, 1), Color(0.415442, 0.172336, 0.163889, 1), Color(0.183714, 0.124487, 0.105982, 1), Color(0.710497, 0.823799, 0.669565, 1), Color(0.0226272, 0.133577, 0.102579, 1), Color(0.203313, 0.205473, 0.165262, 1), Color(0.76548, 0.7447, 0.903231, 1), Color(0.162543, 0.142558, 0.389909, 1), Color(0.566494, 0.625213, 0.726007, 1), Color(0.10104, 0.208123, 0.296352, 1)]]
}

[sub_resource type="Animation" id="Animation_m6gix"]
resource_name = "extreme"
tracks/0/type = "value"
tracks/0/imported = false
tracks/0/enabled = true
tracks/0/path = NodePath(".:surface_material_override/0:shader_parameter/pallate")
tracks/0/interp = 1
tracks/0/loop_wrap = true
tracks/0/keys = {
"times": PackedFloat32Array(1),
"transitions": PackedFloat32Array(1),
"update": 0,
"values": [[Color(0.891891, 0.905916, 0.887957, 1), Color(0.115122, 0.129053, 0.131822, 1), Color(0, 0, 0, 1), Color(0.139707, 0.134878, 0.129314, 1), Color(0, 0, 0, 1), Color(0.0701524, 0.0701524, 0.0701524, 1), Color(0.0709313, 0.0705967, 0.0647534, 1), Color(0, 0, 0, 1), Color(1, 1, 1, 1), Color(0.840284, 0, 0.229548, 1), Color(0, 0.591129, 0.515769, 1), Color(0.175196, 4.42803e-06, 0.777107, 1)]]
}

[sub_resource type="Animation" id="Animation_re7j5"]
resource_name = "extreme_2"
tracks/0/type = "value"
tracks/0/imported = false
tracks/0/enabled = true
tracks/0/path = NodePath(".:surface_material_override/0:shader_parameter/pallate")
tracks/0/interp = 1
tracks/0/loop_wrap = true
tracks/0/keys = {
"times": PackedFloat32Array(1),
"transitions": PackedFloat32Array(1),
"update": 0,
"values": [[Color(1, 1, 1, 1), Color(0.847144, 0.847144, 0.847144, 1), Color(0.151713, 0.151712, 0.151712, 1), Color(0, 0, 0, 1), Color(0.839216, 0, 0.231373, 1), Color(0.334203, 0, 0.0740095, 1), Color(0.25098, 0, 0, 1), Color(0.0941176, 0, 0, 1), Color(0.326249, 0.778709, 1, 1), Color(3.36915e-07, 0.21767, 0.306978, 1), Color(0.0296855, 0.17345, 0.20407, 1), Color(0, 0, 0, 1)]]
}

[sub_resource type="Animation" id="Animation_xwk0s"]
resource_name = "green"
tracks/0/type = "value"
tracks/0/imported = false
tracks/0/enabled = true
tracks/0/path = NodePath(".:surface_material_override/0:shader_parameter/pallate")
tracks/0/interp = 1
tracks/0/loop_wrap = true
tracks/0/keys = {
"times": PackedFloat32Array(1),
"transitions": PackedFloat32Array(1),
"update": 0,
"values": [[Color(0.268118, 0.412834, 0.205538, 1), Color(0.464467, 0.566488, 0.462453, 1), Color(0.349261, 0.445362, 0.415282, 1), Color(1, 1, 1, 1), Color(0, 0, 0, 1), Color(0.764706, 0.780392, 0.486275, 1), Color(0.443137, 0.447059, 0.376471, 1), Color(0.880139, 0.809752, 0, 1), Color(0, 0.457142, 0.341708, 1), Color(0.216295, 0.322598, 0.180299, 1), Color(0.0963578, 0.929378, 0.329361, 1), Color(0.287482, 0.283906, 0.0680632, 1)]]
}

[sub_resource type="AnimationLibrary" id="AnimationLibrary_3y7ag"]
_data = {
"Blue": SubResource("Animation_gjl78"),
"RESET": SubResource("Animation_io8ig"),
"Red": SubResource("Animation_5a0dv"),
"Warping": SubResource("Animation_0mjhi"),
"extreme": SubResource("Animation_m6gix"),
"extreme_2": SubResource("Animation_re7j5"),
"green": SubResource("Animation_xwk0s")
}

[sub_resource type="AnimationNodeBlendSpace2D" id="AnimationNodeBlendSpace2D_8hqqs"]

[sub_resource type="AnimationNodeAnimation" id="AnimationNodeAnimation_scw16"]
animation = &"Warping"

[sub_resource type="AnimationNodeAnimation" id="AnimationNodeAnimation_qjy22"]
animation = &"Red"

[sub_resource type="AnimationNodeAnimation" id="AnimationNodeAnimation_vj2bo"]
animation = &"green"

[sub_resource type="AnimationNodeAnimation" id="AnimationNodeAnimation_c6anu"]
animation = &"Blue"

[sub_resource type="AnimationNodeAnimation" id="AnimationNodeAnimation_g3wwe"]
animation = &"extreme_2"

[sub_resource type="AnimationNodeAnimation" id="AnimationNodeAnimation_ujxm5"]
animation = &"extreme"

[sub_resource type="AnimationNodeBlendSpace2D" id="AnimationNodeBlendSpace2D_1viyw"]
blend_point_0/node = SubResource("AnimationNodeAnimation_scw16")
blend_point_0/pos = Vector2(0, 0)
blend_point_1/node = SubResource("AnimationNodeAnimation_qjy22")
blend_point_1/pos = Vector2(-1, 0)
blend_point_2/node = SubResource("AnimationNodeAnimation_vj2bo")
blend_point_2/pos = Vector2(0, 1)
blend_point_3/node = SubResource("AnimationNodeAnimation_c6anu")
blend_point_3/pos = Vector2(1, 0)
blend_point_4/node = SubResource("AnimationNodeAnimation_g3wwe")
blend_point_4/pos = Vector2(0.1, -1)
blend_point_5/node = SubResource("AnimationNodeAnimation_ujxm5")
blend_point_5/pos = Vector2(-0.1, -1)

[sub_resource type="AnimationNodeAnimation" id="AnimationNodeAnimation_idrm6"]
animation = &"extreme"

[sub_resource type="AnimationNodeAnimation" id="AnimationNodeAnimation_anatu"]
animation = &"extreme_2"

[sub_resource type="AnimationNodeStateMachineTransition" id="AnimationNodeStateMachineTransition_thmen"]
advance_mode = 2

[sub_resource type="AnimationNodeStateMachine" id="AnimationNodeStateMachine_1rvct"]
states/BlendSpace2D/node = SubResource("AnimationNodeBlendSpace2D_1viyw")
states/BlendSpace2D/position = Vector2(453.578, 124.14)
"states/BlendSpace2D 2/node" = SubResource("AnimationNodeBlendSpace2D_8hqqs")
"states/BlendSpace2D 2/position" = Vector2(763.111, 189.259)
states/Start/position = Vector2(178.333, 77.111)
states/extreme/node = SubResource("AnimationNodeAnimation_idrm6")
states/extreme/position = Vector2(478.667, 25.6049)
states/extreme_2/node = SubResource("AnimationNodeAnimation_anatu")
states/extreme_2/position = Vector2(632.444, 24.3704)
transitions = ["Start", "BlendSpace2D", SubResource("AnimationNodeStateMachineTransition_thmen")]

[sub_resource type="LabelSettings" id="LabelSettings_46dkp"]
font = ExtResource("5_sn52w")
font_size = 46

[sub_resource type="Gradient" id="Gradient_nb6fo"]
interpolation_mode = 1
offsets = PackedFloat32Array(0, 0.643, 1)
colors = PackedColorArray(0, 0, 0, 0, 0.823529, 0.666667, 0.72549, 1, 1, 1, 1, 0)

[sub_resource type="GradientTexture2D" id="GradientTexture2D_qsn1s"]
gradient = SubResource("Gradient_nb6fo")
width = 640
height = 360
fill_from = Vector2(1, 0)

[sub_resource type="Gradient" id="Gradient_8hquc"]
interpolation_mode = 1
offsets = PackedFloat32Array(0, 0.643154, 1)
colors = PackedColorArray(0, 0, 0, 0, 1, 0.423529, 0.580392, 1, 1, 1, 1, 0)

[sub_resource type="GradientTexture2D" id="GradientTexture2D_mjd0m"]
gradient = SubResource("Gradient_8hquc")
width = 400
height = 600
fill_from = Vector2(0.5, 1)
fill_to = Vector2(0.5, 1)
metadata/_snap_enabled = true

[node name="Node3D" type="Node3D"]

[node name="WorldEnvironment" type="WorldEnvironment" parent="."]
environment = SubResource("Environment_xswqy")

[node name="DirectionalLight3D" type="DirectionalLight3D" parent="."]
transform = Transform3D(-0.866025, -0.353554, 0.353554, 2.98023e-08, 0.707107, 0.707107, -0.5, 0.612372, -0.612372, 0, 0, 0)
shadow_enabled = true

[node name="Level" type="Node3D" parent="."]

[node name="Lighting" type="Node3D" parent="Level"]

[node name="SpotLight3D" type="SpotLight3D" parent="Level/Lighting"]
transform = Transform3D(1, 0, 0, 0, -4.37114e-08, -1, 0, 1, -4.37114e-08, 3.76717, -2.38419e-07, 5.99731)
light_color = Color(1, 0, 0.309804, 1)
light_energy = 14.957
spot_range = 8.58843
spot_attenuation = 0.0964377
spot_angle = 36.4163
spot_angle_attenuation = 0.0294849

[node name="SpotLight3D2" type="SpotLight3D" parent="Level/Lighting"]
transform = Transform3D(0.170013, 0.126779, 0.977253, 0.126871, 0.980621, -0.149288, -0.977241, 0.149366, 0.150634, -5.2805, 2.83526, 4.65508)
light_color = Color(1, 0.0941176, 0, 1)
light_energy = 14.957
spot_range = 14.45
spot_attenuation = 0.0964377
spot_angle = 56.6221
spot_angle_attenuation = 0.0294849

[node name="AnimationPlayer" type="AnimationPlayer" parent="Level/Lighting/SpotLight3D2"]
libraries = {
"": SubResource("AnimationLibrary_fkpjh")
}
autoplay = "cycle"

[node name="SpotLight3D3" type="SpotLight3D" parent="Level/Lighting"]
transform = Transform3D(0.499827, -0.780973, -0.374505, 0.133062, 0.496496, -0.85778, 0.855843, 0.378909, 0.35208, 4.71729, 1.36525, -5.13925)
light_color = Color(0.864771, 0.634704, 0.442415, 1)
light_energy = 14.957
spot_range = 101.65
spot_attenuation = 0.687827
spot_angle = 56.6221
spot_angle_attenuation = 1.09807

[node name="SpotLight3D4" type="SpotLight3D" parent="Level/Lighting"]
transform = Transform3D(-0.0318607, 0.202997, -0.978661, -0.108836, 0.972631, 0.205289, 0.993549, 0.113054, -0.00889533, -7.8776, 4.31567, -0.549814)
light_color = Color(0.142139, 0.805306, 0.604347, 1)
light_energy = 14.957
spot_range = 101.65
spot_attenuation = 0.687827
spot_angle = 31.0694
spot_angle_attenuation = 1.09807

[node name="Towers" type="Node3D" parent="Level"]

[node name="TowerA" type="Node3D" parent="Level/Towers"]
transform = Transform3D(0.707107, 0, -0.707107, 0, 1, 0, 0.707107, 0, 0.707107, -8.825, 0, 14.974)

[node name="MeshInstance3D2" type="MeshInstance3D" parent="Level/Towers/TowerA"]
mesh = SubResource("BoxMesh_3p1gu")
skeleton = NodePath("../../..")

[node name="MeshInstance3D3" type="MeshInstance3D" parent="Level/Towers/TowerA"]
transform = Transform3D(0.707107, 0, -0.707107, 0, 1, 0, 0.707107, 0, 0.707107, 0, 2.5, 0)
mesh = SubResource("BoxMesh_lu1mf")
skeleton = NodePath("../../..")

[node name="MeshInstance3D5" type="MeshInstance3D" parent="Level/Towers/TowerA"]
transform = Transform3D(0, 0, -1, 0, 1, 0, 1, 0, 0, 0, 5.5, 0)
mesh = SubResource("BoxMesh_lu1mf")
skeleton = NodePath("../../..")

[node name="MeshInstance3D4" type="MeshInstance3D" parent="Level/Towers/TowerA"]
transform = Transform3D(0.965926, 0, -0.258819, 0, 1, 0, 0.258819, 0, 0.965926, 0, 4, 0)
mesh = SubResource("BoxMesh_f03dv")
skeleton = NodePath("../../..")

[node name="MeshInstance3D6" type="MeshInstance3D" parent="Level/Towers/TowerA"]
transform = Transform3D(0.965926, 0, -0.258819, 0, 1, 0, 0.258819, 0, 0.965926, 1.48356, 7, -1.67303)
mesh = SubResource("BoxMesh_f03dv")
skeleton = NodePath("../../..")

[node name="MeshInstance3D7" type="MeshInstance3D" parent="Level/Towers/TowerA"]
transform = Transform3D(0.5, 0, 0.866026, 0, 1, 0, -0.866026, 0, 0.5, -1.67303, 7, -1.48356)
mesh = SubResource("BoxMesh_f03dv")
skeleton = NodePath("../../..")

[node name="MeshInstance3D8" type="MeshInstance3D" parent="Level/Towers/TowerA"]
transform = Transform3D(0.5, 0, 0.866026, 0, 1, 0, -0.866026, 0, 0.5, -0.307006, 8, -1.84959)
mesh = SubResource("BoxMesh_f03dv")
skeleton = NodePath("../../..")

[node name="TowerA7" type="Node3D" parent="Level/Towers"]
transform = Transform3D(1.81373, 0, -1.81373, 0, 2.565, 0, 1.81373, 0, 1.81373, 98.2837, 0, -48.7751)

[node name="MeshInstance3D2" type="MeshInstance3D" parent="Level/Towers/TowerA7"]
mesh = SubResource("BoxMesh_3p1gu")
skeleton = NodePath("../../..")

[node name="MeshInstance3D3" type="MeshInstance3D" parent="Level/Towers/TowerA7"]
transform = Transform3D(0.707107, 0, -0.707107, 0, 1, 0, 0.707107, 0, 0.707107, 0, 2.5, 0)
mesh = SubResource("BoxMesh_lu1mf")
skeleton = NodePath("../../..")

[node name="MeshInstance3D5" type="MeshInstance3D" parent="Level/Towers/TowerA7"]
transform = Transform3D(0, 0, -1, 0, 1, 0, 1, 0, 0, 0, 5.5, 0)
mesh = SubResource("BoxMesh_lu1mf")
skeleton = NodePath("../../..")

[node name="MeshInstance3D4" type="MeshInstance3D" parent="Level/Towers/TowerA7"]
transform = Transform3D(0.965926, 0, -0.258819, 0, 1, 0, 0.258819, 0, 0.965926, 0, 4, 0)
mesh = SubResource("BoxMesh_f03dv")
skeleton = NodePath("../../..")

[node name="MeshInstance3D6" type="MeshInstance3D" parent="Level/Towers/TowerA7"]
transform = Transform3D(0.965926, 0, -0.258819, 0, 1, 0, 0.258819, 0, 0.965926, 1.48356, 7, -1.67303)
mesh = SubResource("BoxMesh_f03dv")
skeleton = NodePath("../../..")

[node name="MeshInstance3D7" type="MeshInstance3D" parent="Level/Towers/TowerA7"]
transform = Transform3D(0.5, 0, 0.866026, 0, 1, 0, -0.866026, 0, 0.5, -1.67303, 7, -1.48356)
mesh = SubResource("BoxMesh_f03dv")
skeleton = NodePath("../../..")

[node name="MeshInstance3D8" type="MeshInstance3D" parent="Level/Towers/TowerA7"]
transform = Transform3D(0.5, 0, 0.866026, 0, 1, 0, -0.866026, 0, 0.5, -0.307006, 8, -1.84959)
mesh = SubResource("BoxMesh_f03dv")
skeleton = NodePath("../../..")

[node name="TowerA8" type="Node3D" parent="Level/Towers"]
transform = Transform3D(1.81373, 0, -1.81373, 0, 2.565, 0, 1.81373, 0, 1.81373, 69.1491, -9.53674e-07, 6.37934)

[node name="MeshInstance3D2" type="MeshInstance3D" parent="Level/Towers/TowerA8"]
mesh = SubResource("BoxMesh_3p1gu")
skeleton = NodePath("../../..")

[node name="MeshInstance3D3" type="MeshInstance3D" parent="Level/Towers/TowerA8"]
transform = Transform3D(0.707107, 0, -0.707107, 0, 1, 0, 0.707107, 0, 0.707107, 0, 2.5, 0)
mesh = SubResource("BoxMesh_lu1mf")
skeleton = NodePath("../../..")

[node name="MeshInstance3D5" type="MeshInstance3D" parent="Level/Towers/TowerA8"]
transform = Transform3D(0, 0, -1, 0, 1, 0, 1, 0, 0, 0, 5.5, 0)
mesh = SubResource("BoxMesh_lu1mf")
skeleton = NodePath("../../..")

[node name="MeshInstance3D4" type="MeshInstance3D" parent="Level/Towers/TowerA8"]
transform = Transform3D(0.965926, 0, -0.258819, 0, 1, 0, 0.258819, 0, 0.965926, 0, 4, 0)
mesh = SubResource("BoxMesh_f03dv")
skeleton = NodePath("../../..")

[node name="MeshInstance3D6" type="MeshInstance3D" parent="Level/Towers/TowerA8"]
transform = Transform3D(0.965926, 0, -0.258819, 0, 1, 0, 0.258819, 0, 0.965926, 1.48356, 7, -1.67303)
mesh = SubResource("BoxMesh_f03dv")
skeleton = NodePath("../../..")

[node name="MeshInstance3D7" type="MeshInstance3D" parent="Level/Towers/TowerA8"]
transform = Transform3D(0.5, 0, 0.866026, 0, 1, 0, -0.866026, 0, 0.5, -1.67303, 7, -1.48356)
mesh = SubResource("BoxMesh_f03dv")
skeleton = NodePath("../../..")

[node name="MeshInstance3D8" type="MeshInstance3D" parent="Level/Towers/TowerA8"]
transform = Transform3D(0.5, 0, 0.866026, 0, 1, 0, -0.866026, 0, 0.5, -0.307006, 8, -1.84959)
mesh = SubResource("BoxMesh_f03dv")
skeleton = NodePath("../../..")

[node name="TowerA4" type="Node3D" parent="Level/Towers"]
transform = Transform3D(0.707107, 0, -0.707107, 0, 1, 0, 0.707107, 0, 0.707107, -3.26934, 0, -6.25872)

[node name="MeshInstance3D2" type="MeshInstance3D" parent="Level/Towers/TowerA4"]
mesh = SubResource("BoxMesh_3p1gu")
skeleton = NodePath("../../..")

[node name="MeshInstance3D3" type="MeshInstance3D" parent="Level/Towers/TowerA4"]
transform = Transform3D(0.707107, 0, -0.707107, 0, 1, 0, 0.707107, 0, 0.707107, 0, 2.5, 0)
mesh = SubResource("BoxMesh_lu1mf")
skeleton = NodePath("../../..")

[node name="MeshInstance3D5" type="MeshInstance3D" parent="Level/Towers/TowerA4"]
transform = Transform3D(0, 0, -1, 0, 1, 0, 1, 0, 0, 0, 5.5, 0)
mesh = SubResource("BoxMesh_lu1mf")
skeleton = NodePath("../../..")

[node name="MeshInstance3D9" type="MeshInstance3D" parent="Level/Towers/TowerA4"]
transform = Transform3D(0.336861, 0.66841, -0.663139, 0.66841, 0.326278, 0.66841, 0.663139, -0.66841, -0.336861, -1.59964, 11.3785, -1.59964)
mesh = SubResource("BoxMesh_lu1mf")
skeleton = NodePath("../../..")

[node name="MeshInstance3D4" type="MeshInstance3D" parent="Level/Towers/TowerA4"]
transform = Transform3D(0.965926, 0, -0.258819, 0, 1, 0, 0.258819, 0, 0.965926, 0, 4, 0)
mesh = SubResource("BoxMesh_f03dv")
skeleton = NodePath("../../..")

[node name="MeshInstance3D6" type="MeshInstance3D" parent="Level/Towers/TowerA4"]
transform = Transform3D(0.965926, 0, -0.258819, 0, 1, 0, 0.258819, 0, 0.965926, 1.48356, 7, -1.67303)
mesh = SubResource("BoxMesh_f03dv")
skeleton = NodePath("../../..")

[node name="MeshInstance3D7" type="MeshInstance3D" parent="Level/Towers/TowerA4"]
transform = Transform3D(0.5, 0, 0.866026, 0, 1, 0, -0.866026, 0, 0.5, -1.67303, 7, -1.48356)
mesh = SubResource("BoxMesh_f03dv")
skeleton = NodePath("../../..")

[node name="MeshInstance3D8" type="MeshInstance3D" parent="Level/Towers/TowerA4"]
transform = Transform3D(0.5, 0, 0.866026, 0, 1, 0, -0.866026, 0, 0.5, -0.307006, 8, -1.84959)
mesh = SubResource("BoxMesh_f03dv")
skeleton = NodePath("../../..")

[node name="TowerA6" type="Node3D" parent="Level/Towers"]
transform = Transform3D(-0.86285, 0, -1.24528, 0, 1.515, 0, 1.24528, 0, -0.86285, -7.5701, 9.53674e-07, -33.1296)

[node name="MeshInstance3D2" type="MeshInstance3D" parent="Level/Towers/TowerA6"]
mesh = SubResource("BoxMesh_3p1gu")
skeleton = NodePath("../../..")

[node name="MeshInstance3D3" type="MeshInstance3D" parent="Level/Towers/TowerA6"]
transform = Transform3D(0.707107, 0, -0.707107, 0, 1, 0, 0.707107, 0, 0.707107, 0, 2.5, 0)
mesh = SubResource("BoxMesh_lu1mf")
skeleton = NodePath("../../..")

[node name="MeshInstance3D5" type="MeshInstance3D" parent="Level/Towers/TowerA6"]
transform = Transform3D(0, 0, -1, 0, 1, 0, 1, 0, 0, 0, 5.5, 0)
mesh = SubResource("BoxMesh_lu1mf")
skeleton = NodePath("../../..")

[node name="MeshInstance3D9" type="MeshInstance3D" parent="Level/Towers/TowerA6"]
transform = Transform3D(0.336861, 0.66841, -0.663139, 0.66841, 0.326278, 0.66841, 0.663139, -0.66841, -0.336861, -1.59964, 11.3785, -1.59964)
mesh = SubResource("BoxMesh_lu1mf")
skeleton = NodePath("../../..")

[node name="MeshInstance3D4" type="MeshInstance3D" parent="Level/Towers/TowerA6"]
transform = Transform3D(0.965926, 0, -0.258819, 0, 1, 0, 0.258819, 0, 0.965926, 0, 4, 0)
mesh = SubResource("BoxMesh_f03dv")
skeleton = NodePath("../../..")

[node name="MeshInstance3D6" type="MeshInstance3D" parent="Level/Towers/TowerA6"]
transform = Transform3D(0.965926, 0, -0.258819, 0, 1, 0, 0.258819, 0, 0.965926, 1.48356, 7, -1.67303)
mesh = SubResource("BoxMesh_f03dv")
skeleton = NodePath("../../..")

[node name="MeshInstance3D7" type="MeshInstance3D" parent="Level/Towers/TowerA6"]
transform = Transform3D(0.5, 0, 0.866026, 0, 1, 0, -0.866026, 0, 0.5, -1.67303, 7, -1.48356)
mesh = SubResource("BoxMesh_f03dv")
skeleton = NodePath("../../..")

[node name="MeshInstance3D8" type="MeshInstance3D" parent="Level/Towers/TowerA6"]
transform = Transform3D(0.5, 0, 0.866026, 0, 1, 0, -0.866026, 0, 0.5, -0.307006, 8, -1.84959)
mesh = SubResource("BoxMesh_f03dv")
skeleton = NodePath("../../..")

[node name="TowerA2" type="Node3D" parent="Level/Towers"]
transform = Transform3D(0.707107, 0, -0.707107, 0, 1, 0, 0.707107, 0, 0.707107, 7.55635, 0, 6.51472)

[node name="MeshInstance3D2" type="MeshInstance3D" parent="Level/Towers/TowerA2"]
mesh = SubResource("BoxMesh_3p1gu")
skeleton = NodePath("../../..")

[node name="MeshInstance3D3" type="MeshInstance3D" parent="Level/Towers/TowerA2"]
transform = Transform3D(0.707107, 0, -0.707107, 0, 1, 0, 0.707107, 0, 0.707107, 0, 2.5, 0)
mesh = SubResource("BoxMesh_lu1mf")
skeleton = NodePath("../../..")

[node name="MeshInstance3D5" type="MeshInstance3D" parent="Level/Towers/TowerA2"]
transform = Transform3D(0, 0, -1, 0, 1, 0, 1, 0, 0, 0, 5.5, 0)
mesh = SubResource("BoxMesh_lu1mf")
skeleton = NodePath("../../..")

[node name="MeshInstance3D9" type="MeshInstance3D" parent="Level/Towers/TowerA2"]
transform = Transform3D(-0.744857, -0.106277, 0.658706, -0.309654, 0.929539, -0.20018, -0.591018, -0.353077, -0.725283, -2.46595, 6.39635, 2.46595)
mesh = SubResource("BoxMesh_lu1mf")
skeleton = NodePath("../../..")

[node name="MeshInstance3D4" type="MeshInstance3D" parent="Level/Towers/TowerA2"]
transform = Transform3D(0.965926, 0, -0.258819, 0, 1, 0, 0.258819, 0, 0.965926, 0, 4, 0)
mesh = SubResource("BoxMesh_f03dv")
skeleton = NodePath("../../..")

[node name="MeshInstance3D6" type="MeshInstance3D" parent="Level/Towers/TowerA2"]
transform = Transform3D(0.965926, 0, -0.258819, 0, 1, 0, 0.258819, 0, 0.965926, 1.48356, 7, -1.67303)
mesh = SubResource("BoxMesh_f03dv")
skeleton = NodePath("../../..")

[node name="MeshInstance3D7" type="MeshInstance3D" parent="Level/Towers/TowerA2"]
transform = Transform3D(0.5, 0, 0.866026, 0, 1, 0, -0.866026, 0, 0.5, -1.67303, 7, -1.48356)
mesh = SubResource("BoxMesh_f03dv")
skeleton = NodePath("../../..")

[node name="MeshInstance3D8" type="MeshInstance3D" parent="Level/Towers/TowerA2"]
transform = Transform3D(0.5, 0, 0.866026, 0, 1, 0, -0.866026, 0, 0.5, -0.307006, 8, -1.84959)
mesh = SubResource("BoxMesh_f03dv")
skeleton = NodePath("../../..")

[node name="TowerA5" type="Node3D" parent="Level/Towers"]
transform = Transform3D(-0.996776, 0, -0.0802338, 0, 1, 0, 0.0802338, 0, -0.996776, 14.0818, 0, 7.41605)

[node name="MeshInstance3D2" type="MeshInstance3D" parent="Level/Towers/TowerA5"]
mesh = SubResource("BoxMesh_3p1gu")
skeleton = NodePath("../../..")

[node name="MeshInstance3D3" type="MeshInstance3D" parent="Level/Towers/TowerA5"]
transform = Transform3D(0.707107, 0, -0.707107, 0, 1, 0, 0.707107, 0, 0.707107, 0, 2.5, 0)
mesh = SubResource("BoxMesh_lu1mf")
skeleton = NodePath("../../..")

[node name="MeshInstance3D5" type="MeshInstance3D" parent="Level/Towers/TowerA5"]
transform = Transform3D(0, 0, -1, 0, 1, 0, 1, 0, 0, 0, 5.5, 0)
mesh = SubResource("BoxMesh_lu1mf")
skeleton = NodePath("../../..")

[node name="MeshInstance3D9" type="MeshInstance3D" parent="Level/Towers/TowerA5"]
transform = Transform3D(-0.744857, -0.106277, 0.658706, -0.309654, 0.929539, -0.20018, -0.591018, -0.353077, -0.725283, -2.46595, 6.39635, 2.46595)
mesh = SubResource("BoxMesh_lu1mf")
skeleton = NodePath("../../..")

[node name="MeshInstance3D4" type="MeshInstance3D" parent="Level/Towers/TowerA5"]
transform = Transform3D(0.965926, 0, -0.258819, 0, 1, 0, 0.258819, 0, 0.965926, 0, 4, 0)
mesh = SubResource("BoxMesh_f03dv")
skeleton = NodePath("../../..")

[node name="MeshInstance3D6" type="MeshInstance3D" parent="Level/Towers/TowerA5"]
transform = Transform3D(0.965926, 0, -0.258819, 0, 1, 0, 0.258819, 0, 0.965926, 1.48356, 7, -1.67303)
mesh = SubResource("BoxMesh_f03dv")
skeleton = NodePath("../../..")

[node name="MeshInstance3D7" type="MeshInstance3D" parent="Level/Towers/TowerA5"]
transform = Transform3D(0.5, 0, 0.866026, 0, 1, 0, -0.866026, 0, 0.5, -1.67303, 7, -1.48356)
mesh = SubResource("BoxMesh_f03dv")
skeleton = NodePath("../../..")

[node name="MeshInstance3D8" type="MeshInstance3D" parent="Level/Towers/TowerA5"]
transform = Transform3D(0.5, 0, 0.866026, 0, 1, 0, -0.866026, 0, 0.5, -0.307006, 8, -1.84959)
mesh = SubResource("BoxMesh_f03dv")
skeleton = NodePath("../../..")

[node name="TowerA3" type="Node3D" parent="Level/Towers"]
transform = Transform3D(1.41421, 0, -1.41421, 0, 2, 0, 1.41421, 0, 1.41421, -15.6368, 0, -9.74874)

[node name="MeshInstance3D2" type="MeshInstance3D" parent="Level/Towers/TowerA3"]
mesh = SubResource("BoxMesh_3p1gu")
skeleton = NodePath("../../..")

[node name="MeshInstance3D3" type="MeshInstance3D" parent="Level/Towers/TowerA3"]
transform = Transform3D(0.707107, 0, -0.707107, 0, 1, 0, 0.707107, 0, 0.707107, 0, 2.5, 0)
mesh = SubResource("BoxMesh_lu1mf")
skeleton = NodePath("../../..")

[node name="MeshInstance3D5" type="MeshInstance3D" parent="Level/Towers/TowerA3"]
transform = Transform3D(0, 0, -1, 0, 1, 0, 1, 0, 0, 0, 5.5, 0)
mesh = SubResource("BoxMesh_lu1mf")
skeleton = NodePath("../../..")

[node name="MeshInstance3D4" type="MeshInstance3D" parent="Level/Towers/TowerA3"]
transform = Transform3D(0.965926, 0, -0.258819, 0, 1, 0, 0.258819, 0, 0.965926, 0, 4, 0)
mesh = SubResource("BoxMesh_f03dv")
skeleton = NodePath("../../..")

[node name="MeshInstance3D6" type="MeshInstance3D" parent="Level/Towers/TowerA3"]
transform = Transform3D(0.965926, 0, -0.258819, 0, 1, 0, 0.258819, 0, 0.965926, 1.48356, 7, -1.67303)
mesh = SubResource("BoxMesh_f03dv")
skeleton = NodePath("../../..")

[node name="MeshInstance3D7" type="MeshInstance3D" parent="Level/Towers/TowerA3"]
transform = Transform3D(0.5, 0, 0.866026, 0, 1, 0, -0.866026, 0, 0.5, -1.67303, 7, -1.48356)
mesh = SubResource("BoxMesh_f03dv")
skeleton = NodePath("../../..")

[node name="MeshInstance3D8" type="MeshInstance3D" parent="Level/Towers/TowerA3"]
transform = Transform3D(0.5, 0, 0.866026, 0, 1, 0, -0.866026, 0, 0.5, -0.307006, 8, -1.84959)
mesh = SubResource("BoxMesh_f03dv")
skeleton = NodePath("../../..")

[node name="TowerA9" type="Node3D" parent="Level/Towers"]
transform = Transform3D(1.41421, 0, -1.41421, 0, 2, 0, 1.41421, 0, 1.41421, 38.9644, 0, 21.6969)

[node name="MeshInstance3D2" type="MeshInstance3D" parent="Level/Towers/TowerA9"]
mesh = SubResource("BoxMesh_3p1gu")
skeleton = NodePath("../../..")

[node name="MeshInstance3D3" type="MeshInstance3D" parent="Level/Towers/TowerA9"]
transform = Transform3D(0.707107, 0, -0.707107, 0, 1, 0, 0.707107, 0, 0.707107, 0, 2.5, 0)
mesh = SubResource("BoxMesh_lu1mf")
skeleton = NodePath("../../..")

[node name="MeshInstance3D5" type="MeshInstance3D" parent="Level/Towers/TowerA9"]
transform = Transform3D(0, 0, -1, 0, 1, 0, 1, 0, 0, 0, 5.5, 0)
mesh = SubResource("BoxMesh_lu1mf")
skeleton = NodePath("../../..")

[node name="MeshInstance3D4" type="MeshInstance3D" parent="Level/Towers/TowerA9"]
transform = Transform3D(0.965926, 0, -0.258819, 0, 1, 0, 0.258819, 0, 0.965926, 0, 4, 0)
mesh = SubResource("BoxMesh_f03dv")
skeleton = NodePath("../../..")

[node name="MeshInstance3D6" type="MeshInstance3D" parent="Level/Towers/TowerA9"]
transform = Transform3D(0.965926, 0, -0.258819, 0, 1, 0, 0.258819, 0, 0.965926, 1.48356, 7, -1.67303)
mesh = SubResource("BoxMesh_f03dv")
skeleton = NodePath("../../..")

[node name="MeshInstance3D7" type="MeshInstance3D" parent="Level/Towers/TowerA9"]
transform = Transform3D(0.5, 0, 0.866026, 0, 1, 0, -0.866026, 0, 0.5, -1.67303, 7, -1.48356)
mesh = SubResource("BoxMesh_f03dv")
skeleton = NodePath("../../..")

[node name="MeshInstance3D8" type="MeshInstance3D" parent="Level/Towers/TowerA9"]
transform = Transform3D(0.5, 0, 0.866026, 0, 1, 0, -0.866026, 0, 0.5, -0.307006, 8, -1.84959)
mesh = SubResource("BoxMesh_f03dv")
skeleton = NodePath("../../..")

[node name="TowerA10" type="Node3D" parent="Level/Towers"]
transform = Transform3D(0.738927, 0, -0.738927, 0, 1.045, 0, 0.738927, 0, 0.738927, 36.7205, 10.5544, 20.7805)

[node name="MeshInstance3D2" type="MeshInstance3D" parent="Level/Towers/TowerA10"]
mesh = SubResource("BoxMesh_3p1gu")
skeleton = NodePath("../../..")

[node name="MeshInstance3D3" type="MeshInstance3D" parent="Level/Towers/TowerA10"]
transform = Transform3D(0.707107, 0, -0.707107, 0, 1, 0, 0.707107, 0, 0.707107, 0, 2.5, 0)
mesh = SubResource("BoxMesh_lu1mf")
skeleton = NodePath("../../..")

[node name="MeshInstance3D5" type="MeshInstance3D" parent="Level/Towers/TowerA10"]
transform = Transform3D(0, 0, -1, 0, 1, 0, 1, 0, 0, 0, 5.5, 0)
mesh = SubResource("BoxMesh_lu1mf")
skeleton = NodePath("../../..")

[node name="MeshInstance3D4" type="MeshInstance3D" parent="Level/Towers/TowerA10"]
transform = Transform3D(0.965926, 0, -0.258819, 0, 1, 0, 0.258819, 0, 0.965926, 0, 4, 0)
mesh = SubResource("BoxMesh_f03dv")
skeleton = NodePath("../../..")

[node name="MeshInstance3D6" type="MeshInstance3D" parent="Level/Towers/TowerA10"]
transform = Transform3D(0.965926, 0, -0.258819, 0, 1, 0, 0.258819, 0, 0.965926, 1.48356, 7, -1.67303)
mesh = SubResource("BoxMesh_f03dv")
skeleton = NodePath("../../..")

[node name="MeshInstance3D7" type="MeshInstance3D" parent="Level/Towers/TowerA10"]
transform = Transform3D(0.5, 0, 0.866026, 0, 1, 0, -0.866026, 0, 0.5, -1.67303, 7, -1.48356)
mesh = SubResource("BoxMesh_f03dv")
skeleton = NodePath("../../..")

[node name="MeshInstance3D8" type="MeshInstance3D" parent="Level/Towers/TowerA10"]
transform = Transform3D(0.5, 0, 0.866026, 0, 1, 0, -0.866026, 0, 0.5, -0.307006, 8, -1.84959)
mesh = SubResource("BoxMesh_f03dv")
skeleton = NodePath("../../..")

[node name="TowerA11" type="Node3D" parent="Level/Towers"]
